{
  "LR": 0.0000078125,
  "_runtime": 8062.063550855,
  "_step": 975,
  "_timestamp": 1734190619.1052449,
  "_wandb.runtime": 8062,
  "cumulative_wall": 8030.763022153173,
  "epoch": 975,
  "training_e/N_mae": 0.016266968101263046,
  "training_e_mae": 1.5616300106048584,
  "training_f_mae": 0.12078174948692322,
  "training_f_rmse": 0.18664270639419556,
  "training_loss": 0.026587264612317085,
  "training_loss_e": 0.00025152089074254036,
  "training_loss_f": 0.026335755363106728,
  "validation_e/N_mae": 0.016265869140625,
  "validation_e_mae": 1.5615234375,
  "validation_f_mae": 0.12363485991954803,
  "validation_f_rmse": 0.20699098706245422,
  "validation_loss": 0.03265000507235527,
  "validation_loss_e": 0.0002588437055237591,
  "validation_loss_f": 0.03239116072654724,
  "wall": 8030.763022153173
}
