{
  "LR": 0.002,
  "_runtime": 5095.619232024,
  "_step": 100,
  "_timestamp": 1733150436.0205507,
  "_wandb.runtime": 5095,
  "cumulative_wall": 1951.2523791480016,
  "epoch": 100,
  "training_e/N_mae": 0.027675900608301163,
  "training_e_mae": 2.6568872928619385,
  "training_f_mae": 0.16526633501052856,
  "training_f_rmse": 0.2533183991909027,
  "training_loss": 0.04941421374678612,
  "training_loss_e": 0.000901322637218982,
  "training_loss_f": 0.04851287230849266,
  "validation_e/N_mae": 0.019062500447034836,
  "validation_e_mae": 1.8300001621246336,
  "validation_f_mae": 0.14942851662635803,
  "validation_f_rmse": 0.23614050447940824,
  "validation_loss": 0.04253796115517616,
  "validation_loss_e": 0.000381456280592829,
  "validation_loss_f": 0.04215650260448456,
  "wall": 1951.2523791480016
}
