{
  "LR": 0.0000078125,
  "_runtime": 1431.629782108,
  "_step": 919,
  "_timestamp": 1733135543.74917,
  "_wandb.runtime": 1431,
  "cumulative_wall": 1424.4640053620003,
  "epoch": 919,
  "training_e/N_mae": 0.023096514865756035,
  "training_e_mae": 2.2172658443450928,
  "training_f_mae": 0.13830067217350006,
  "training_f_rmse": 0.20715580880641937,
  "training_loss": 0.02878531627357006,
  "training_loss_e": 0.0004535315674729645,
  "training_loss_f": 0.028331786394119263,
  "validation_e/N_mae": 0.0232340507209301,
  "validation_e_mae": 2.23046875,
  "validation_f_mae": 0.1613149344921112,
  "validation_f_rmse": 0.29808297753334045,
  "validation_loss": 0.05908367782831192,
  "validation_loss_e": 0.00042204491910524666,
  "validation_loss_f": 0.05866163223981857,
  "wall": 1424.4640053620003
}
