{
  "LR": 0.002,
  "_runtime": 1131.115861437,
  "_step": 100,
  "_timestamp": 1733156885.833333,
  "_wandb.runtime": 1131,
  "cumulative_wall": 1123.9729636360023,
  "epoch": 100,
  "training_e/N_mae": 0.003213820978999138,
  "training_e_mae": 0.3085269629955292,
  "training_f_mae": 0.03639999032020569,
  "training_f_rmse": 0.048846933990716934,
  "training_loss": 0.005345750600099564,
  "training_loss_e": 0.00003468061186140403,
  "training_loss_f": 0.0053110732696950436,
  "validation_e/N_mae": 0.0004536946362350136,
  "validation_e_mae": 0.04355468600988388,
  "validation_f_mae": 0.032720599323511124,
  "validation_f_rmse": 0.044336799532175064,
  "validation_loss": 0.004376352299004793,
  "validation_loss_e": 7.672441597605939e-7,
  "validation_loss_f": 0.004375585354864597,
  "wall": 1123.9729636360023
}
