{
  "LR": 0.002,
  "_runtime": 1651.894609207,
  "_step": 1000,
  "_timestamp": 1733133139.2386806,
  "_wandb.runtime": 1651,
  "cumulative_wall": 1645.112942826,
  "epoch": 1000,
  "training_e/N_mae": 0.0031542968936264515,
  "training_e_mae": 0.3028125762939453,
  "training_f_mae": 0.03275280445814133,
  "training_f_rmse": 0.04409159719944,
  "training_loss": 0.004456408321857452,
  "training_loss_e": 0.000032859385100891814,
  "training_loss_f": 0.0044235484674572945,
  "validation_e/N_mae": 0.0005167642957530916,
  "validation_e_mae": 0.04960937798023224,
  "validation_f_mae": 0.03224312886595726,
  "validation_f_rmse": 0.04362099245190621,
  "validation_loss": 0.004330426454544067,
  "validation_loss_e": 8.013513479454559e-7,
  "validation_loss_f": 0.004329625051468611,
  "wall": 1645.112942826
}
