{
  "LR": 0.002,
  "_runtime": 8330.567554741,
  "_step": 1000,
  "_timestamp": 1734176798.4553418,
  "_wandb.runtime": 8330,
  "cumulative_wall": 8318.929092105944,
  "epoch": 1000,
  "training_e/N_mae": 0.001619000919163227,
  "training_e_mae": 0.1554240733385086,
  "training_f_mae": 0.026852356269955635,
  "training_f_rmse": 0.03569798544049263,
  "training_loss": 0.0028452568221837282,
  "training_loss_e": 0.000008676659490447491,
  "training_loss_f": 0.002836579456925392,
  "validation_e/N_mae": 0.0005651855608448386,
  "validation_e_mae": 0.05425781384110451,
  "validation_f_mae": 0.02482537180185318,
  "validation_f_rmse": 0.03331521525979042,
  "validation_loss": 0.002471462357789278,
  "validation_loss_e": 9.170506132250011e-7,
  "validation_loss_f": 0.0024705452378839254,
  "wall": 8318.929092105944
}
