{
  "LR": 0.002,
  "_runtime": 352.047065613,
  "_step": 100,
  "_timestamp": 1729140290.67739,
  "_wandb.runtime": 352,
  "cumulative_wall": 340.319599547,
  "epoch": 100,
  "training_e/N_mae": 0.04792154207825661,
  "training_e_mae": 4.600468158721924,
  "training_f_mae": 0.23739215731620789,
  "training_f_rmse": 0.3507665991783142,
  "training_loss": 0.08353561162948608,
  "training_loss_e": 0.0023056583013385534,
  "training_loss_f": 0.08122994750738144,
  "validation_e/N_mae": 0.03343098983168602,
  "validation_e_mae": 3.2093749046325684,
  "validation_f_mae": 0.2336643636226654,
  "validation_f_rmse": 0.3983211517333984,
  "validation_loss": 0.10562869906425476,
  "validation_loss_e": 0.0008805101970210671,
  "validation_loss_f": 0.1047481894493103,
  "wall": 340.319599547
}
