{
  "LR": 0.002,
  "_runtime": 296.349475078,
  "_step": 100,
  "_timestamp": 1729141212.0378897,
  "_wandb.runtime": 296,
  "cumulative_wall": 285.56829152599994,
  "epoch": 100,
  "training_e/N_mae": 0.011398926377296448,
  "training_e_mae": 1.094296932220459,
  "training_f_mae": 0.07102277129888535,
  "training_f_rmse": 0.09558048099279404,
  "training_loss": 0.021203091368079185,
  "training_loss_e": 0.0004158114024903625,
  "training_loss_f": 0.020787278190255165,
  "validation_e/N_mae": 0.0007609049789607525,
  "validation_e_mae": 0.07304687798023224,
  "validation_f_mae": 0.07131120562553406,
  "validation_f_rmse": 0.09693074971437454,
  "validation_loss": 0.021380839869379997,
  "validation_loss_e": 0.000002088149358314695,
  "validation_loss_f": 0.02137875184416771,
  "wall": 285.56829152599994
}
